﻿regiao;estado;municipio;coduf;codmun;codRegiaoSaude;nomeRegiaoSaude;data;semanaEpi;populacaoTCU2019;casosAcumulado;casosNovos;obitosAcumulado;obitosNovos;Recuperadosnovos;emAcompanhamentoNovos;interior/metropolitana
Nordeste;PB;João Pessoa;25;250750;25001;1ª REGIAO MATA ATLANTICA;27/03/2020;13;809015;0;0;0;0;;;1
Nordeste;PB;João Pessoa;25;250750;25001;1ª REGIAO MATA ATLANTICA;28/03/2020;13;809015;10;10;0;0;;;1
Nordeste;PB;João Pessoa;25;250750;25001;1ª REGIAO MATA ATLANTICA;29/03/2020;14;809015;10;0;0;0;;;1
Nordeste;PB;João Pessoa;25;250750;25001;1ª REGIAO MATA ATLANTICA;30/03/2020;14;809015;11;1;0;0;;;1
Nordeste;PB;João Pessoa;25;250750;25001;1ª REGIAO MATA ATLANTICA;31/03/2020;14;809015;12;1;0;0;;;1
Nordeste;PB;João Pessoa;25;250750;25001;1ª REGIAO MATA ATLANTICA;01/04/2020;14;809015;15;3;0;0;;;1
Nordeste;PB;João Pessoa;25;250750;25001;1ª REGIAO MATA ATLANTICA;02/04/2020;14;809015;15;0;0;0;;;1
Nordeste;PB;João Pessoa;25;250750;25001;1ª REGIAO MATA ATLANTICA;03/04/2020;14;809015;23;8;0;0;;;1
Nordeste;PB;João Pessoa;25;250750;25001;1ª REGIAO MATA ATLANTICA;04/04/2020;14;809015;24;1;0;0;;;1
Nordeste;PB;João Pessoa;25;250750;25001;1ª REGIAO MATA ATLANTICA;05/04/2020;15;809015;26;2;2;2;;;1
Nordeste;PB;João Pessoa;25;250750;25001;1ª REGIAO MATA ATLANTICA;06/04/2020;15;809015;26;0;2;0;;;1
Nordeste;PB;João Pessoa;25;250750;25001;1ª REGIAO MATA ATLANTICA;07/04/2020;15;809015;27;1;2;0;;;1
Nordeste;PB;João Pessoa;25;250750;25001;1ª REGIAO MATA ATLANTICA;08/04/2020;15;809015;30;3;2;0;;;1
Nordeste;PB;João Pessoa;25;250750;25001;1ª REGIAO MATA ATLANTICA;09/04/2020;15;809015;40;10;4;2;;;1
Nordeste;PB;João Pessoa;25;250750;25001;1ª REGIAO MATA ATLANTICA;10/04/2020;15;809015;58;18;7;3;;;1
Nordeste;PB;João Pessoa;25;250750;25001;1ª REGIAO MATA ATLANTICA;11/04/2020;15;809015;64;6;7;0;;;1
Nordeste;PB;João Pessoa;25;250750;25001;1ª REGIAO MATA ATLANTICA;12/04/2020;16;809015;78;14;8;1;;;1
Nordeste;PB;João Pessoa;25;250750;25001;1ª REGIAO MATA ATLANTICA;13/04/2020;16;809015;86;8;8;0;;;1
Nordeste;PB;João Pessoa;25;250750;25001;1ª REGIAO MATA ATLANTICA;14/04/2020;16;809015;103;17;11;3;;;1
Nordeste;PB;João Pessoa;25;250750;25001;1ª REGIAO MATA ATLANTICA;15/04/2020;16;809015;115;12;14;3;;;1
Nordeste;PB;João Pessoa;25;250750;25001;1ª REGIAO MATA ATLANTICA;16/04/2020;16;809015;124;9;16;2;;;1
Nordeste;PB;João Pessoa;25;250750;25001;1ª REGIAO MATA ATLANTICA;17/04/2020;16;809015;142;18;16;0;;;1
Nordeste;PB;João Pessoa;25;250750;25001;1ª REGIAO MATA ATLANTICA;18/04/2020;16;809015;148;6;17;1;;;1
Nordeste;PB;João Pessoa;25;250750;25001;1ª REGIAO MATA ATLANTICA;19/04/2020;17;809015;163;15;17;0;;;1
Nordeste;PB;João Pessoa;25;250750;25001;1ª REGIAO MATA ATLANTICA;20/04/2020;17;809015;172;9;19;2;;;1
Nordeste;PB;João Pessoa;25;250750;25001;1ª REGIAO MATA ATLANTICA;21/04/2020;17;809015;185;13;20;1;;;1
Nordeste;PB;João Pessoa;25;250750;25001;1ª REGIAO MATA ATLANTICA;22/04/2020;17;809015;205;20;25;5;;;1
Nordeste;PB;João Pessoa;25;250750;25001;1ª REGIAO MATA ATLANTICA;23/04/2020;17;809015;230;25;25;0;;;1
Nordeste;PB;João Pessoa;25;250750;25001;1ª REGIAO MATA ATLANTICA;24/04/2020;17;809015;254;24;28;3;;;1
Nordeste;PB;João Pessoa;25;250750;25001;1ª REGIAO MATA ATLANTICA;25/04/2020;17;809015;286;32;28;0;;;1
Nordeste;PB;João Pessoa;25;250750;25001;1ª REGIAO MATA ATLANTICA;26/04/2020;18;809015;313;27;28;0;;;1
Nordeste;PB;João Pessoa;25;250750;25001;1ª REGIAO MATA ATLANTICA;27/04/2020;18;809015;349;36;28;0;;;1
Nordeste;PB;João Pessoa;25;250750;25001;1ª REGIAO MATA ATLANTICA;28/04/2020;18;809015;410;61;28;0;;;1
Nordeste;PB;João Pessoa;25;250750;25001;1ª REGIAO MATA ATLANTICA;29/04/2020;18;809015;436;26;29;1;;;1
Nordeste;PB;João Pessoa;25;250750;25001;1ª REGIAO MATA ATLANTICA;30/04/2020;18;809015;499;63;32;3;;;1
Nordeste;PB;João Pessoa;25;250750;25001;1ª REGIAO MATA ATLANTICA;01/05/2020;18;809015;563;64;33;1;;;1
Nordeste;PB;João Pessoa;25;250750;25001;1ª REGIAO MATA ATLANTICA;02/05/2020;18;809015;614;51;36;3;;;1
Nordeste;PB;João Pessoa;25;250750;25001;1ª REGIAO MATA ATLANTICA;03/05/2020;19;809015;701;87;37;1;;;1
Nordeste;PB;João Pessoa;25;250750;25001;1ª REGIAO MATA ATLANTICA;04/05/2020;19;809015;711;10;39;2;;;1
Nordeste;PB;João Pessoa;25;250750;25001;1ª REGIAO MATA ATLANTICA;05/05/2020;19;809015;802;91;40;1;;;1
Nordeste;PB;João Pessoa;25;250750;25001;1ª REGIAO MATA ATLANTICA;06/05/2020;19;809015;865;63;44;4;;;1
Nordeste;PB;João Pessoa;25;250750;25001;1ª REGIAO MATA ATLANTICA;07/05/2020;19;809015;907;42;47;3;;;1
Nordeste;PB;João Pessoa;25;250750;25001;1ª REGIAO MATA ATLANTICA;08/05/2020;19;809015;1062;155;52;5;;;1
Nordeste;PB;João Pessoa;25;250750;25001;1ª REGIAO MATA ATLANTICA;09/05/2020;19;809015;1114;52;54;2;;;1
Nordeste;PB;João Pessoa;25;250750;25001;1ª REGIAO MATA ATLANTICA;10/05/2020;20;809015;1179;65;58;4;;;1
Nordeste;PB;João Pessoa;25;250750;25001;1ª REGIAO MATA ATLANTICA;11/05/2020;20;809015;1230;51;59;1;;;1
Nordeste;PB;João Pessoa;25;250750;25001;1ª REGIAO MATA ATLANTICA;12/05/2020;20;809015;1316;86;62;3;;;1
Nordeste;PB;João Pessoa;25;250750;25001;1ª REGIAO MATA ATLANTICA;13/05/2020;20;809015;1368;52;63;1;;;1
Nordeste;PB;João Pessoa;25;250750;25001;1ª REGIAO MATA ATLANTICA;14/05/2020;20;809015;1451;83;64;1;;;1
Nordeste;PB;João Pessoa;25;250750;25001;1ª REGIAO MATA ATLANTICA;15/05/2020;20;809015;1478;27;68;4;;;1
Nordeste;PB;João Pessoa;25;250750;25001;1ª REGIAO MATA ATLANTICA;16/05/2020;20;809015;1540;62;72;4;;;1
Nordeste;PB;João Pessoa;25;250750;25001;1ª REGIAO MATA ATLANTICA;17/05/2020;21;809015;1697;157;75;3;;;1
Nordeste;PB;João Pessoa;25;250750;25001;1ª REGIAO MATA ATLANTICA;18/05/2020;21;809015;1799;102;78;3;;;1
Nordeste;PB;João Pessoa;25;250750;25001;1ª REGIAO MATA ATLANTICA;19/05/2020;21;809015;1889;90;81;3;;;1
Nordeste;PB;João Pessoa;25;250750;25001;1ª REGIAO MATA ATLANTICA;20/05/2020;21;809015;2088;199;83;2;;;1
Nordeste;PB;João Pessoa;25;250750;25001;1ª REGIAO MATA ATLANTICA;21/05/2020;21;809015;2226;138;89;6;;;1
Nordeste;PB;João Pessoa;25;250750;25001;1ª REGIAO MATA ATLANTICA;22/05/2020;21;809015;2226;0;89;0;;;1
Nordeste;PB;João Pessoa;25;250750;25001;1ª REGIAO MATA ATLANTICA;23/05/2020;21;809015;2454;228;91;2;;;1
Nordeste;PB;João Pessoa;25;250750;25001;1ª REGIAO MATA ATLANTICA;24/05/2020;22;809015;2612;158;96;5;;;1
Nordeste;PB;João Pessoa;25;250750;25001;1ª REGIAO MATA ATLANTICA;25/05/2020;22;809015;2687;75;98;2;;;1
Nordeste;PB;João Pessoa;25;250750;25001;1ª REGIAO MATA ATLANTICA;26/05/2020;22;809015;2945;258;100;2;;;1
Nordeste;PB;João Pessoa;25;250750;25001;1ª REGIAO MATA ATLANTICA;27/05/2020;22;809015;3232;287;102;2;;;1
Nordeste;PB;João Pessoa;25;250750;25001;1ª REGIAO MATA ATLANTICA;28/05/2020;22;809015;3472;240;109;7;;;1
Nordeste;PB;João Pessoa;25;250750;25001;1ª REGIAO MATA ATLANTICA;29/05/2020;22;809015;3685;213;114;5;;;1
Nordeste;PB;João Pessoa;25;250750;25001;1ª REGIAO MATA ATLANTICA;30/05/2020;22;809015;3902;217;126;12;;;1
Nordeste;PB;João Pessoa;25;250750;25001;1ª REGIAO MATA ATLANTICA;31/05/2020;23;809015;3959;57;130;4;;;1
Nordeste;PB;João Pessoa;25;250750;25001;1ª REGIAO MATA ATLANTICA;01/06/2020;23;809015;4151;192;131;1;;;1
Nordeste;PB;João Pessoa;25;250750;25001;1ª REGIAO MATA ATLANTICA;02/06/2020;23;809015;4467;316;131;0;;;1
Nordeste;PB;João Pessoa;25;250750;25001;1ª REGIAO MATA ATLANTICA;03/06/2020;23;809015;4820;353;153;22;;;1
Nordeste;PB;João Pessoa;25;250750;25001;1ª REGIAO MATA ATLANTICA;04/06/2020;23;809015;5319;499;157;4;;;1
Nordeste;PB;João Pessoa;25;250750;25001;1ª REGIAO MATA ATLANTICA;05/06/2020;23;809015;5552;233;159;2;;;1
Nordeste;PB;João Pessoa;25;250750;25001;1ª REGIAO MATA ATLANTICA;06/06/2020;23;809015;5918;366;167;8;;;1
Nordeste;PB;João Pessoa;25;250750;25001;1ª REGIAO MATA ATLANTICA;07/06/2020;24;809015;6004;86;170;3;;;1
Nordeste;PB;João Pessoa;25;250750;25001;1ª REGIAO MATA ATLANTICA;08/06/2020;24;809015;6246;242;183;13;;;1
Nordeste;PB;João Pessoa;25;250750;25001;1ª REGIAO MATA ATLANTICA;09/06/2020;24;809015;6583;337;198;15;;;1
Nordeste;PB;João Pessoa;25;250750;25001;1ª REGIAO MATA ATLANTICA;10/06/2020;24;809015;6905;322;199;1;;;1
Nordeste;PB;João Pessoa;25;250750;25001;1ª REGIAO MATA ATLANTICA;11/06/2020;24;809015;7133;228;202;3;;;1
Nordeste;PB;João Pessoa;25;250750;25001;1ª REGIAO MATA ATLANTICA;12/06/2020;24;809015;7394;261;217;15;;;1
Nordeste;PB;João Pessoa;25;250750;25001;1ª REGIAO MATA ATLANTICA;13/06/2020;24;809015;7610;216;221;4;;;1
Nordeste;PB;João Pessoa;25;250750;25001;1ª REGIAO MATA ATLANTICA;14/06/2020;25;809015;7890;280;223;2;;;1
Nordeste;PB;João Pessoa;25;250750;25001;1ª REGIAO MATA ATLANTICA;15/06/2020;25;809015;8041;151;229;6;;;1
Nordeste;PB;João Pessoa;25;250750;25001;1ª REGIAO MATA ATLANTICA;16/06/2020;25;809015;8464;423;234;5;;;1
Nordeste;PB;João Pessoa;25;250750;25001;1ª REGIAO MATA ATLANTICA;17/06/2020;25;809015;8952;488;246;12;;;1
Nordeste;PB;João Pessoa;25;250750;25001;1ª REGIAO MATA ATLANTICA;18/06/2020;25;809015;8984;32;250;4;;;1
Nordeste;PB;João Pessoa;25;250750;25001;1ª REGIAO MATA ATLANTICA;19/06/2020;25;809015;10065;1081;250;0;;;1
Nordeste;PB;João Pessoa;25;250750;25001;1ª REGIAO MATA ATLANTICA;20/06/2020;25;809015;10402;337;253;3;;;1
Nordeste;PB;João Pessoa;25;250750;25001;1ª REGIAO MATA ATLANTICA;21/06/2020;26;809015;10466;64;262;9;;;1
Nordeste;PB;João Pessoa;25;250750;25001;1ª REGIAO MATA ATLANTICA;22/06/2020;26;809015;10581;115;268;6;;;1
Nordeste;PB;João Pessoa;25;250750;25001;1ª REGIAO MATA ATLANTICA;23/06/2020;26;809015;10993;412;276;8;;;1
Nordeste;PB;João Pessoa;25;250750;25001;1ª REGIAO MATA ATLANTICA;24/06/2020;26;809015;11130;137;287;11;;;1
Nordeste;PB;João Pessoa;25;250750;25001;1ª REGIAO MATA ATLANTICA;25/06/2020;26;809015;11369;239;288;1;;;1
Nordeste;PB;João Pessoa;25;250750;25001;1ª REGIAO MATA ATLANTICA;26/06/2020;26;809015;12015;646;296;8;;;1
Nordeste;PB;João Pessoa;25;250750;25001;1ª REGIAO MATA ATLANTICA;27/06/2020;26;809015;12449;434;306;10;;;1
Nordeste;PB;João Pessoa;25;250750;25001;1ª REGIAO MATA ATLANTICA;28/06/2020;27;809015;12580;131;311;5;;;1
Nordeste;PB;João Pessoa;25;250750;25001;1ª REGIAO MATA ATLANTICA;29/06/2020;27;809015;12694;114;318;7;;;1
Nordeste;PB;João Pessoa;25;250750;25001;1ª REGIAO MATA ATLANTICA;30/06/2020;27;809015;13298;604;341;23;;;1
Nordeste;PB;João Pessoa;25;250750;25001;1ª REGIAO MATA ATLANTICA;01/07/2020;27;809015;13588;290;345;4;;;1
Nordeste;PB;João Pessoa;25;250750;25001;1ª REGIAO MATA ATLANTICA;02/07/2020;27;809015;13977;389;369;24;;;1
Nordeste;PB;João Pessoa;25;250750;25001;1ª REGIAO MATA ATLANTICA;03/07/2020;27;809015;14208;231;372;3;;;1
Nordeste;PB;João Pessoa;25;250750;25001;1ª REGIAO MATA ATLANTICA;04/07/2020;27;809015;14631;423;374;2;;;1
Nordeste;PB;João Pessoa;25;250750;25001;1ª REGIAO MATA ATLANTICA;05/07/2020;28;809015;14777;146;378;4;;;1
Nordeste;PB;João Pessoa;25;250750;25001;1ª REGIAO MATA ATLANTICA;06/07/2020;28;809015;14849;72;383;5;;;1
Nordeste;PB;João Pessoa;25;250750;25001;1ª REGIAO MATA ATLANTICA;07/07/2020;28;809015;15330;481;386;3;;;1
Nordeste;PB;João Pessoa;25;250750;25001;1ª REGIAO MATA ATLANTICA;08/07/2020;28;809015;15594;264;396;10;;;1
Nordeste;PB;João Pessoa;25;250750;25001;1ª REGIAO MATA ATLANTICA;09/07/2020;28;809015;15817;223;405;9;;;1
Nordeste;PB;João Pessoa;25;250750;25001;1ª REGIAO MATA ATLANTICA;10/07/2020;28;809015;16217;400;427;22;;;1
Nordeste;PB;João Pessoa;25;250750;25001;1ª REGIAO MATA ATLANTICA;11/07/2020;28;809015;16566;349;443;16;;;1
Nordeste;PB;João Pessoa;25;250750;25001;1ª REGIAO MATA ATLANTICA;12/07/2020;29;809015;16635;69;452;9;;;1
Nordeste;PB;João Pessoa;25;250750;25001;1ª REGIAO MATA ATLANTICA;13/07/2020;29;809015;16702;67;458;6;;;1
Nordeste;PB;João Pessoa;25;250750;25001;1ª REGIAO MATA ATLANTICA;14/07/2020;29;809015;16930;228;471;13;;;1
Nordeste;PB;João Pessoa;25;250750;25001;1ª REGIAO MATA ATLANTICA;15/07/2020;29;809015;17223;293;485;14;;;1
Nordeste;PB;João Pessoa;25;250750;25001;1ª REGIAO MATA ATLANTICA;16/07/2020;29;809015;17407;184;497;12;;;1
Nordeste;PB;João Pessoa;25;250750;25001;1ª REGIAO MATA ATLANTICA;17/07/2020;29;809015;17579;172;506;9;;;1
Nordeste;PB;João Pessoa;25;250750;25001;1ª REGIAO MATA ATLANTICA;18/07/2020;29;809015;17667;88;518;12;;;1
Nordeste;PB;João Pessoa;25;250750;25001;1ª REGIAO MATA ATLANTICA;19/07/2020;30;809015;17821;154;518;0;;;1
Nordeste;PB;João Pessoa;25;250750;25001;1ª REGIAO MATA ATLANTICA;20/07/2020;30;809015;17869;48;525;7;;;1
Nordeste;PB;João Pessoa;25;250750;25001;1ª REGIAO MATA ATLANTICA;21/07/2020;30;809015;18002;133;536;11;;;1
Nordeste;PB;João Pessoa;25;250750;25001;1ª REGIAO MATA ATLANTICA;22/07/2020;30;809015;18499;497;545;9;;;1
Nordeste;PB;João Pessoa;25;250750;25001;1ª REGIAO MATA ATLANTICA;23/07/2020;30;809015;19166;667;556;11;;;1
Nordeste;PB;João Pessoa;25;250750;25001;1ª REGIAO MATA ATLANTICA;24/07/2020;30;809015;19659;493;573;17;;;1
Nordeste;PB;João Pessoa;25;250750;25001;1ª REGIAO MATA ATLANTICA;25/07/2020;30;809015;19908;249;583;10;;;1
Nordeste;PB;João Pessoa;25;250750;25001;1ª REGIAO MATA ATLANTICA;26/07/2020;31;809015;20125;217;591;8;;;1
Nordeste;PB;João Pessoa;25;250750;25001;1ª REGIAO MATA ATLANTICA;27/07/2020;31;809015;20245;120;601;10;;;1
Nordeste;PB;João Pessoa;25;250750;25001;1ª REGIAO MATA ATLANTICA;28/07/2020;31;809015;20418;173;607;6;;;1
Nordeste;PB;João Pessoa;25;250750;25001;1ª REGIAO MATA ATLANTICA;29/07/2020;31;809015;20689;271;618;11;;;1
Nordeste;PB;João Pessoa;25;250750;25001;1ª REGIAO MATA ATLANTICA;30/07/2020;31;809015;21000;311;625;7;;;1
Nordeste;PB;João Pessoa;25;250750;25001;1ª REGIAO MATA ATLANTICA;31/07/2020;31;809015;21330;330;631;6;;;1
