﻿regiao;estado;municipio;coduf;codmun;codRegiaoSaude;nomeRegiaoSaude;data;semanaEpi;populacaoTCU2019;casosAcumulado;casosNovos;obitosAcumulado;obitosNovos;Recuperadosnovos;emAcompanhamentoNovos;interior/metropolitana
Nordeste;PE;Recife;26;261160;26010;RECIFE;27/03/2020;13;1645727;0;0;0;0;;;1
Nordeste;PE;Recife;26;261160;26010;RECIFE;28/03/2020;13;1645727;46;46;4;4;;;1
Nordeste;PE;Recife;26;261160;26010;RECIFE;29/03/2020;14;1645727;50;4;4;0;;;1
Nordeste;PE;Recife;26;261160;26010;RECIFE;30/03/2020;14;1645727;53;3;4;0;;;1
Nordeste;PE;Recife;26;261160;26010;RECIFE;31/03/2020;14;1645727;1;-52;4;0;;;1
Nordeste;PE;Recife;26;261160;26010;RECIFE;01/04/2020;14;1645727;64;63;5;1;;;1
Nordeste;PE;Recife;26;261160;26010;RECIFE;02/04/2020;14;1645727;74;10;6;1;;;1
Nordeste;PE;Recife;26;261160;26010;RECIFE;03/04/2020;14;1645727;92;18;6;0;;;1
Nordeste;PE;Recife;26;261160;26010;RECIFE;04/04/2020;14;1645727;119;27;10;4;;;1
Nordeste;PE;Recife;26;261160;26010;RECIFE;05/04/2020;15;1645727;139;20;14;4;;;1
Nordeste;PE;Recife;26;261160;26010;RECIFE;06/04/2020;15;1645727;146;7;16;2;;;1
Nordeste;PE;Recife;26;261160;26010;RECIFE;07/04/2020;15;1645727;221;75;18;2;;;1
Nordeste;PE;Recife;26;261160;26010;RECIFE;08/04/2020;15;1645727;254;33;22;4;;;1
Nordeste;PE;Recife;26;261160;26010;RECIFE;09/04/2020;15;1645727;340;86;27;5;;;1
Nordeste;PE;Recife;26;261160;26010;RECIFE;10/04/2020;15;1645727;413;73;32;5;;;1
Nordeste;PE;Recife;26;261160;26010;RECIFE;11/04/2020;15;1645727;486;73;34;2;;;1
Nordeste;PE;Recife;26;261160;26010;RECIFE;12/04/2020;16;1645727;557;71;37;3;;;1
Nordeste;PE;Recife;26;261160;26010;RECIFE;13/04/2020;16;1645727;672;115;46;9;;;1
Nordeste;PE;Recife;26;261160;26010;RECIFE;14/04/2020;16;1645727;733;61;49;3;;;1
Nordeste;PE;Recife;26;261160;26010;RECIFE;15/04/2020;16;1645727;857;124;62;13;;;1
Nordeste;PE;Recife;26;261160;26010;RECIFE;16/04/2020;16;1645727;958;101;70;8;;;1
Nordeste;PE;Recife;26;261160;26010;RECIFE;17/04/2020;16;1645727;1136;178;85;15;;;1
Nordeste;PE;Recife;26;261160;26010;RECIFE;18/04/2020;16;1645727;1255;119;94;9;;;1
Nordeste;PE;Recife;26;261160;26010;RECIFE;19/04/2020;17;1645727;1399;144;100;6;;;1
Nordeste;PE;Recife;26;261160;26010;RECIFE;20/04/2020;17;1645727;1552;153;106;6;;;1
Nordeste;PE;Recife;26;261160;26010;RECIFE;21/04/2020;17;1645727;1687;135;113;7;;;1
Nordeste;PE;Recife;26;261160;26010;RECIFE;22/04/2020;17;1645727;1904;217;124;11;;;1
Nordeste;PE;Recife;26;261160;26010;RECIFE;23/04/2020;17;1645727;2062;158;136;12;;;1
Nordeste;PE;Recife;26;261160;26010;RECIFE;24/04/2020;17;1645727;2266;204;151;15;;;1
Nordeste;PE;Recife;26;261160;26010;RECIFE;25/04/2020;17;1645727;2534;268;162;11;;;1
Nordeste;PE;Recife;26;261160;26010;RECIFE;26/04/2020;18;1645727;2722;188;182;20;;;1
Nordeste;PE;Recife;26;261160;26010;RECIFE;27/04/2020;18;1645727;2973;251;197;15;;;1
Nordeste;PE;Recife;26;261160;26010;RECIFE;28/04/2020;18;1645727;3158;185;219;22;;;1
Nordeste;PE;Recife;26;261160;26010;RECIFE;29/04/2020;18;1645727;3425;267;238;19;;;1
Nordeste;PE;Recife;26;261160;26010;RECIFE;30/04/2020;18;1645727;3780;355;250;12;;;1
Nordeste;PE;Recife;26;261160;26010;RECIFE;01/05/2020;18;1645727;4020;240;257;7;;;1
Nordeste;PE;Recife;26;261160;26010;RECIFE;02/05/2020;18;1645727;4453;433;267;10;;;1
Nordeste;PE;Recife;26;261160;26010;RECIFE;03/05/2020;19;1645727;4702;249;273;6;;;1
Nordeste;PE;Recife;26;261160;26010;RECIFE;04/05/2020;19;1645727;4807;105;295;22;;;1
Nordeste;PE;Recife;26;261160;26010;RECIFE;05/05/2020;19;1645727;4989;182;320;25;;;1
Nordeste;PE;Recife;26;261160;26010;RECIFE;06/05/2020;19;1645727;5294;305;337;17;;;1
Nordeste;PE;Recife;26;261160;26010;RECIFE;07/05/2020;19;1645727;5775;481;354;17;;;1
Nordeste;PE;Recife;26;261160;26010;RECIFE;08/05/2020;19;1645727;6133;358;380;26;;;1
Nordeste;PE;Recife;26;261160;26010;RECIFE;09/05/2020;19;1645727;6588;455;393;13;;;1
Nordeste;PE;Recife;26;261160;26010;RECIFE;10/05/2020;20;1645727;6984;396;415;22;;;1
Nordeste;PE;Recife;26;261160;26010;RECIFE;11/05/2020;20;1645727;7224;240;425;10;;;1
Nordeste;PE;Recife;26;261160;26010;RECIFE;12/05/2020;20;1645727;7477;253;450;25;;;1
Nordeste;PE;Recife;26;261160;26010;RECIFE;13/05/2020;20;1645727;7757;280;479;29;;;1
Nordeste;PE;Recife;26;261160;26010;RECIFE;14/05/2020;20;1645727;8096;339;507;28;;;1
Nordeste;PE;Recife;26;261160;26010;RECIFE;15/05/2020;20;1645727;8352;256;538;31;;;1
Nordeste;PE;Recife;26;261160;26010;RECIFE;16/05/2020;20;1645727;9413;1061;573;35;;;1
Nordeste;PE;Recife;26;261160;26010;RECIFE;17/05/2020;21;1645727;9772;359;596;23;;;1
Nordeste;PE;Recife;26;261160;26010;RECIFE;18/05/2020;21;1645727;10047;275;645;49;;;1
Nordeste;PE;Recife;26;261160;26010;RECIFE;19/05/2020;21;1645727;10561;514;682;37;;;1
Nordeste;PE;Recife;26;261160;26010;RECIFE;20/05/2020;21;1645727;11054;493;715;33;;;1
Nordeste;PE;Recife;26;261160;26010;RECIFE;21/05/2020;21;1645727;11584;530;747;32;;;1
Nordeste;PE;Recife;26;261160;26010;RECIFE;22/05/2020;21;1645727;12523;939;803;56;;;1
Nordeste;PE;Recife;26;261160;26010;RECIFE;23/05/2020;21;1645727;12924;401;835;32;;;1
Nordeste;PE;Recife;26;261160;26010;RECIFE;24/05/2020;22;1645727;13297;373;851;16;;;1
Nordeste;PE;Recife;26;261160;26010;RECIFE;25/05/2020;22;1645727;13549;252;865;14;;;1
Nordeste;PE;Recife;26;261160;26010;RECIFE;26/05/2020;22;1645727;13712;163;902;37;;;1
Nordeste;PE;Recife;26;261160;26010;RECIFE;27/05/2020;22;1645727;14086;374;967;65;;;1
Nordeste;PE;Recife;26;261160;26010;RECIFE;28/05/2020;22;1645727;14365;279;1004;37;;;1
Nordeste;PE;Recife;26;261160;26010;RECIFE;29/05/2020;22;1645727;14832;467;1040;36;;;1
Nordeste;PE;Recife;26;261160;26010;RECIFE;30/05/2020;22;1645727;15165;333;1064;24;;;1
Nordeste;PE;Recife;26;261160;26010;RECIFE;31/05/2020;23;1645727;15474;309;1081;17;;;1
Nordeste;PE;Recife;26;261160;26010;RECIFE;01/06/2020;23;1645727;15565;91;1097;16;;;1
Nordeste;PE;Recife;26;261160;26010;RECIFE;02/06/2020;23;1645727;15749;184;1100;3;;;1
Nordeste;PE;Recife;26;261160;26010;RECIFE;03/06/2020;23;1645727;15977;228;1120;20;;;1
Nordeste;PE;Recife;26;261160;26010;RECIFE;04/06/2020;23;1645727;16250;273;1177;57;;;1
Nordeste;PE;Recife;26;261160;26010;RECIFE;05/06/2020;23;1645727;16520;270;1207;30;;;1
Nordeste;PE;Recife;26;261160;26010;RECIFE;06/06/2020;23;1645727;16695;175;1235;28;;;1
Nordeste;PE;Recife;26;261160;26010;RECIFE;07/06/2020;24;1645727;16909;214;1242;7;;;1
Nordeste;PE;Recife;26;261160;26010;RECIFE;08/06/2020;24;1645727;17037;128;1270;28;;;1
Nordeste;PE;Recife;26;261160;26010;RECIFE;09/06/2020;24;1645727;17133;96;1315;45;;;1
Nordeste;PE;Recife;26;261160;26010;RECIFE;10/06/2020;24;1645727;17377;244;1361;46;;;1
Nordeste;PE;Recife;26;261160;26010;RECIFE;11/06/2020;24;1645727;17685;308;1402;41;;;1
Nordeste;PE;Recife;26;261160;26010;RECIFE;12/06/2020;24;1645727;17866;181;1439;37;;;1
Nordeste;PE;Recife;26;261160;26010;RECIFE;13/06/2020;24;1645727;18102;236;1484;45;;;1
Nordeste;PE;Recife;26;261160;26010;RECIFE;14/06/2020;25;1645727;18253;151;1529;45;;;1
Nordeste;PE;Recife;26;261160;26010;RECIFE;15/06/2020;25;1645727;18333;80;1538;9;;;1
Nordeste;PE;Recife;26;261160;26010;RECIFE;16/06/2020;25;1645727;18520;187;1563;25;;;1
Nordeste;PE;Recife;26;261160;26010;RECIFE;17/06/2020;25;1645727;18762;242;1584;21;;;1
Nordeste;PE;Recife;26;261160;26010;RECIFE;18/06/2020;25;1645727;18991;229;1594;10;;;1
Nordeste;PE;Recife;26;261160;26010;RECIFE;19/06/2020;25;1645727;19192;201;1608;14;;;1
Nordeste;PE;Recife;26;261160;26010;RECIFE;20/06/2020;25;1645727;19391;199;1615;7;;;1
Nordeste;PE;Recife;26;261160;26010;RECIFE;21/06/2020;26;1645727;19613;222;1663;48;;;1
Nordeste;PE;Recife;26;261160;26010;RECIFE;22/06/2020;26;1645727;19682;69;1662;-1;;;1
Nordeste;PE;Recife;26;261160;26010;RECIFE;23/06/2020;26;1645727;19724;42;1685;23;;;1
Nordeste;PE;Recife;26;261160;26010;RECIFE;24/06/2020;26;1645727;19975;251;1719;34;;;1
Nordeste;PE;Recife;26;261160;26010;RECIFE;25/06/2020;26;1645727;20165;190;1743;24;;;1
Nordeste;PE;Recife;26;261160;26010;RECIFE;26/06/2020;26;1645727;20275;110;1781;38;;;1
Nordeste;PE;Recife;26;261160;26010;RECIFE;27/06/2020;26;1645727;20441;166;1803;22;;;1
Nordeste;PE;Recife;26;261160;26010;RECIFE;28/06/2020;27;1645727;20578;137;1807;4;;;1
Nordeste;PE;Recife;26;261160;26010;RECIFE;29/06/2020;27;1645727;20656;78;1816;9;;;1
Nordeste;PE;Recife;26;261160;26010;RECIFE;30/06/2020;27;1645727;20729;73;1825;9;;;1
Nordeste;PE;Recife;26;261160;26010;RECIFE;01/07/2020;27;1645727;20895;166;1851;26;;;1
Nordeste;PE;Recife;26;261160;26010;RECIFE;02/07/2020;27;1645727;21103;208;1872;21;;;1
Nordeste;PE;Recife;26;261160;26010;RECIFE;03/07/2020;27;1645727;21255;152;1883;11;;;1
Nordeste;PE;Recife;26;261160;26010;RECIFE;04/07/2020;27;1645727;21400;145;1892;9;;;1
Nordeste;PE;Recife;26;261160;26010;RECIFE;05/07/2020;28;1645727;21683;283;1898;6;;;1
Nordeste;PE;Recife;26;261160;26010;RECIFE;06/07/2020;28;1645727;21739;56;1897;-1;;;1
Nordeste;PE;Recife;26;261160;26010;RECIFE;07/07/2020;28;1645727;21839;100;1924;27;;;1
Nordeste;PE;Recife;26;261160;26010;RECIFE;08/07/2020;28;1645727;22092;253;1927;3;;;1
Nordeste;PE;Recife;26;261160;26010;RECIFE;09/07/2020;28;1645727;22297;205;1945;18;;;1
Nordeste;PE;Recife;26;261160;26010;RECIFE;10/07/2020;28;1645727;22513;216;1954;9;;;1
Nordeste;PE;Recife;26;261160;26010;RECIFE;11/07/2020;28;1645727;22749;236;1966;12;;;1
Nordeste;PE;Recife;26;261160;26010;RECIFE;12/07/2020;29;1645727;22991;242;1968;2;;;1
Nordeste;PE;Recife;26;261160;26010;RECIFE;13/07/2020;29;1645727;23076;85;1975;7;;;1
Nordeste;PE;Recife;26;261160;26010;RECIFE;14/07/2020;29;1645727;23194;118;1985;10;;;1
Nordeste;PE;Recife;26;261160;26010;RECIFE;15/07/2020;29;1645727;23433;239;1997;12;;;1
Nordeste;PE;Recife;26;261160;26010;RECIFE;16/07/2020;29;1645727;23612;179;2020;23;;;1
Nordeste;PE;Recife;26;261160;26010;RECIFE;17/07/2020;29;1645727;23839;227;2024;4;;;1
Nordeste;PE;Recife;26;261160;26010;RECIFE;18/07/2020;29;1645727;23969;130;2032;8;;;1
Nordeste;PE;Recife;26;261160;26010;RECIFE;19/07/2020;30;1645727;24157;188;2035;3;;;1
Nordeste;PE;Recife;26;261160;26010;RECIFE;20/07/2020;30;1645727;24308;151;2036;1;;;1
Nordeste;PE;Recife;26;261160;26010;RECIFE;21/07/2020;30;1645727;24367;59;2041;5;;;1
Nordeste;PE;Recife;26;261160;26010;RECIFE;22/07/2020;30;1645727;24512;145;2056;15;;;1
Nordeste;PE;Recife;26;261160;26010;RECIFE;23/07/2020;30;1645727;24865;353;2062;6;;;1
Nordeste;PE;Recife;26;261160;26010;RECIFE;24/07/2020;30;1645727;25141;276;2069;7;;;1
Nordeste;PE;Recife;26;261160;26010;RECIFE;25/07/2020;30;1645727;25429;288;2079;10;;;1
Nordeste;PE;Recife;26;261160;26010;RECIFE;26/07/2020;31;1645727;25742;313;2084;5;;;1
Nordeste;PE;Recife;26;261160;26010;RECIFE;27/07/2020;31;1645727;25857;115;2086;2;;;1
Nordeste;PE;Recife;26;261160;26010;RECIFE;28/07/2020;31;1645727;26011;154;2095;9;;;1
Nordeste;PE;Recife;26;261160;26010;RECIFE;29/07/2020;31;1645727;26277;266;2109;14;;;1
Nordeste;PE;Recife;26;261160;26010;RECIFE;30/07/2020;31;1645727;26480;203;2120;11;;;1
Nordeste;PE;Recife;26;261160;26010;RECIFE;31/07/2020;31;1645727;26705;225;2127;7;;;1
