﻿regiao;estado;municipio;coduf;codmun;codRegiaoSaude;nomeRegiaoSaude;data;semanaEpi;populacaoTCU2019;casosAcumulado;casosNovos;obitosAcumulado;obitosNovos;Recuperadosnovos;emAcompanhamentoNovos;interior/metropolitana
Nordeste;BA;Salvador;29;292740;29020;SALVADOR;27/03/2020;13;2872347;0;0;0;0;;;1
Nordeste;BA;Salvador;29;292740;29020;SALVADOR;28/03/2020;13;2872347;82;82;0;0;;;1
Nordeste;BA;Salvador;29;292740;29020;SALVADOR;29/03/2020;14;2872347;103;21;1;1;;;1
Nordeste;BA;Salvador;29;292740;29020;SALVADOR;30/03/2020;14;2872347;117;14;1;0;;;1
Nordeste;BA;Salvador;29;292740;29020;SALVADOR;31/03/2020;14;2872347;132;15;2;1;;;1
Nordeste;BA;Salvador;29;292740;29020;SALVADOR;01/04/2020;14;2872347;153;21;2;0;;;1
Nordeste;BA;Salvador;29;292740;29020;SALVADOR;02/04/2020;14;2872347;167;14;3;1;;;1
Nordeste;BA;Salvador;29;292740;29020;SALVADOR;03/04/2020;14;2872347;183;16;5;2;;;1
Nordeste;BA;Salvador;29;292740;29020;SALVADOR;04/04/2020;14;2872347;215;32;5;0;;;1
Nordeste;BA;Salvador;29;292740;29020;SALVADOR;05/04/2020;15;2872347;243;28;7;2;;;1
Nordeste;BA;Salvador;29;292740;29020;SALVADOR;06/04/2020;15;2872347;257;14;8;1;;;1
Nordeste;BA;Salvador;29;292740;29020;SALVADOR;07/04/2020;15;2872347;268;11;10;2;;;1
Nordeste;BA;Salvador;29;292740;29020;SALVADOR;08/04/2020;15;2872347;290;22;11;1;;;1
Nordeste;BA;Salvador;29;292740;29020;SALVADOR;09/04/2020;15;2872347;312;22;11;0;;;1
Nordeste;BA;Salvador;29;292740;29020;SALVADOR;10/04/2020;15;2872347;341;29;11;0;;;1
Nordeste;BA;Salvador;29;292740;29020;SALVADOR;11/04/2020;15;2872347;353;12;11;0;;;1
Nordeste;BA;Salvador;29;292740;29020;SALVADOR;12/04/2020;16;2872347;362;9;11;0;;;1
Nordeste;BA;Salvador;29;292740;29020;SALVADOR;13/04/2020;16;2872347;388;26;11;0;;;1
Nordeste;BA;Salvador;29;292740;29020;SALVADOR;14/04/2020;16;2872347;425;37;13;2;;;1
Nordeste;BA;Salvador;29;292740;29020;SALVADOR;15/04/2020;16;2872347;519;94;0;-13;;;1
Nordeste;BA;Salvador;29;292740;29020;SALVADOR;16/04/2020;16;2872347;569;50;18;18;;;1
Nordeste;BA;Salvador;29;292740;29020;SALVADOR;17/04/2020;16;2872347;642;73;18;0;;;1
Nordeste;BA;Salvador;29;292740;29020;SALVADOR;18/04/2020;16;2872347;759;117;19;1;;;1
Nordeste;BA;Salvador;29;292740;29020;SALVADOR;19/04/2020;17;2872347;762;3;22;3;;;1
Nordeste;BA;Salvador;29;292740;29020;SALVADOR;20/04/2020;17;2872347;821;59;23;1;;;1
Nordeste;BA;Salvador;29;292740;29020;SALVADOR;21/04/2020;17;2872347;922;101;24;1;;;1
Nordeste;BA;Salvador;29;292740;29020;SALVADOR;22/04/2020;17;2872347;1034;112;28;4;;;1
Nordeste;BA;Salvador;29;292740;29020;SALVADOR;23/04/2020;17;2872347;1131;97;34;6;;;1
Nordeste;BA;Salvador;29;292740;29020;SALVADOR;24/04/2020;17;2872347;1218;87;37;3;;;1
Nordeste;BA;Salvador;29;292740;29020;SALVADOR;25/04/2020;17;2872347;1303;85;38;1;;;1
Nordeste;BA;Salvador;29;292740;29020;SALVADOR;26/04/2020;18;2872347;1357;54;39;1;;;1
Nordeste;BA;Salvador;29;292740;29020;SALVADOR;27/04/2020;18;2872347;1430;73;48;9;;;1
Nordeste;BA;Salvador;29;292740;29020;SALVADOR;28/04/2020;18;2872347;1578;148;56;8;;;1
Nordeste;BA;Salvador;29;292740;29020;SALVADOR;29/04/2020;18;2872347;1639;61;62;6;;;1
Nordeste;BA;Salvador;29;292740;29020;SALVADOR;30/04/2020;18;2872347;1784;145;67;5;;;1
Nordeste;BA;Salvador;29;292740;29020;SALVADOR;01/05/2020;18;2872347;1995;211;76;9;;;1
Nordeste;BA;Salvador;29;292740;29020;SALVADOR;02/05/2020;18;2872347;2100;105;78;2;;;1
Nordeste;BA;Salvador;29;292740;29020;SALVADOR;03/05/2020;19;2872347;2247;147;80;2;;;1
Nordeste;BA;Salvador;29;292740;29020;SALVADOR;04/05/2020;19;2872347;2370;123;91;11;;;1
Nordeste;BA;Salvador;29;292740;29020;SALVADOR;05/05/2020;19;2872347;2599;229;95;4;;;1
Nordeste;BA;Salvador;29;292740;29020;SALVADOR;06/05/2020;19;2872347;2746;147;98;3;;;1
Nordeste;BA;Salvador;29;292740;29020;SALVADOR;07/05/2020;19;2872347;2877;131;101;3;;;1
Nordeste;BA;Salvador;29;292740;29020;SALVADOR;08/05/2020;19;2872347;3129;252;118;17;;;1
Nordeste;BA;Salvador;29;292740;29020;SALVADOR;09/05/2020;19;2872347;3342;213;127;9;;;1
Nordeste;BA;Salvador;29;292740;29020;SALVADOR;10/05/2020;20;2872347;3670;328;128;1;;;1
Nordeste;BA;Salvador;29;292740;29020;SALVADOR;11/05/2020;20;2872347;3884;214;138;10;;;1
Nordeste;BA;Salvador;29;292740;29020;SALVADOR;12/05/2020;20;2872347;4107;223;145;7;;;1
Nordeste;BA;Salvador;29;292740;29020;SALVADOR;13/05/2020;20;2872347;4349;242;148;3;;;1
Nordeste;BA;Salvador;29;292740;29020;SALVADOR;14/05/2020;20;2872347;4619;270;167;19;;;1
Nordeste;BA;Salvador;29;292740;29020;SALVADOR;15/05/2020;20;2872347;4842;223;204;37;;;1
Nordeste;BA;Salvador;29;292740;29020;SALVADOR;16/05/2020;20;2872347;5267;425;185;-19;;;1
Nordeste;BA;Salvador;29;292740;29020;SALVADOR;17/05/2020;21;2872347;5317;50;213;28;;;1
Nordeste;BA;Salvador;29;292740;29020;SALVADOR;18/05/2020;21;2872347;5326;9;229;16;;;1
Nordeste;BA;Salvador;29;292740;29020;SALVADOR;19/05/2020;21;2872347;7106;1780;215;-14;;;1
Nordeste;BA;Salvador;29;292740;29020;SALVADOR;20/05/2020;21;2872347;7169;63;241;26;;;1
Nordeste;BA;Salvador;29;292740;29020;SALVADOR;21/05/2020;21;2872347;7578;409;248;7;;;1
Nordeste;BA;Salvador;29;292740;29020;SALVADOR;22/05/2020;21;2872347;7860;282;257;9;;;1
Nordeste;BA;Salvador;29;292740;29020;SALVADOR;23/05/2020;21;2872347;8084;224;264;7;;;1
Nordeste;BA;Salvador;29;292740;29020;SALVADOR;24/05/2020;22;2872347;8734;650;303;39;;;1
Nordeste;BA;Salvador;29;292740;29020;SALVADOR;25/05/2020;22;2872347;8941;207;314;11;;;1
Nordeste;BA;Salvador;29;292740;29020;SALVADOR;26/05/2020;22;2872347;9227;286;328;14;;;1
Nordeste;BA;Salvador;29;292740;29020;SALVADOR;27/05/2020;22;2872347;9472;245;357;29;;;1
Nordeste;BA;Salvador;29;292740;29020;SALVADOR;28/05/2020;22;2872347;10006;534;390;33;;;1
Nordeste;BA;Salvador;29;292740;29020;SALVADOR;29/05/2020;22;2872347;10485;479;421;31;;;1
Nordeste;BA;Salvador;29;292740;29020;SALVADOR;30/05/2020;22;2872347;10791;306;443;22;;;1
Nordeste;BA;Salvador;29;292740;29020;SALVADOR;31/05/2020;23;2872347;11218;427;453;10;;;1
Nordeste;BA;Salvador;29;292740;29020;SALVADOR;01/06/2020;23;2872347;11499;281;474;21;;;1
Nordeste;BA;Salvador;29;292740;29020;SALVADOR;02/06/2020;23;2872347;12954;1455;493;19;;;1
Nordeste;BA;Salvador;29;292740;29020;SALVADOR;03/06/2020;23;2872347;13367;413;511;18;;;1
Nordeste;BA;Salvador;29;292740;29020;SALVADOR;04/06/2020;23;2872347;13801;434;535;24;;;1
Nordeste;BA;Salvador;29;292740;29020;SALVADOR;05/06/2020;23;2872347;15260;1459;558;23;;;1
Nordeste;BA;Salvador;29;292740;29020;SALVADOR;06/06/2020;23;2872347;15724;464;579;21;;;1
Nordeste;BA;Salvador;29;292740;29020;SALVADOR;07/06/2020;24;2872347;16099;375;600;21;;;1
Nordeste;BA;Salvador;29;292740;29020;SALVADOR;08/06/2020;24;2872347;16323;224;622;22;;;1
Nordeste;BA;Salvador;29;292740;29020;SALVADOR;09/06/2020;24;2872347;17224;901;640;18;;;1
Nordeste;BA;Salvador;29;292740;29020;SALVADOR;10/06/2020;24;2872347;18201;977;674;34;;;1
Nordeste;BA;Salvador;29;292740;29020;SALVADOR;11/06/2020;24;2872347;18784;583;707;33;;;1
Nordeste;BA;Salvador;29;292740;29020;SALVADOR;12/06/2020;24;2872347;19093;309;720;13;;;1
Nordeste;BA;Salvador;29;292740;29020;SALVADOR;13/06/2020;24;2872347;19732;639;728;8;;;1
Nordeste;BA;Salvador;29;292740;29020;SALVADOR;14/06/2020;25;2872347;19893;161;742;14;;;1
Nordeste;BA;Salvador;29;292740;29020;SALVADOR;15/06/2020;25;2872347;20638;745;752;10;;;1
Nordeste;BA;Salvador;29;292740;29020;SALVADOR;16/06/2020;25;2872347;21203;565;775;23;;;1
Nordeste;BA;Salvador;29;292740;29020;SALVADOR;17/06/2020;25;2872347;21955;752;800;25;;;1
Nordeste;BA;Salvador;29;292740;29020;SALVADOR;18/06/2020;25;2872347;22254;299;827;27;;;1
Nordeste;BA;Salvador;29;292740;29020;SALVADOR;19/06/2020;25;2872347;22777;523;854;27;;;1
Nordeste;BA;Salvador;29;292740;29020;SALVADOR;20/06/2020;25;2872347;23124;347;884;30;;;1
Nordeste;BA;Salvador;29;292740;29020;SALVADOR;21/06/2020;26;2872347;23483;359;904;20;;;1
Nordeste;BA;Salvador;29;292740;29020;SALVADOR;22/06/2020;26;2872347;23663;180;919;15;;;1
Nordeste;BA;Salvador;29;292740;29020;SALVADOR;23/06/2020;26;2872347;24393;730;953;34;;;1
Nordeste;BA;Salvador;29;292740;29020;SALVADOR;24/06/2020;26;2872347;25803;1410;991;38;;;1
Nordeste;BA;Salvador;29;292740;29020;SALVADOR;25/06/2020;26;2872347;26864;1061;1029;38;;;1
Nordeste;BA;Salvador;29;292740;29020;SALVADOR;26/06/2020;26;2872347;27713;849;1046;17;;;1
Nordeste;BA;Salvador;29;292740;29020;SALVADOR;27/06/2020;26;2872347;31199;3486;1065;19;;;1
Nordeste;BA;Salvador;29;292740;29020;SALVADOR;28/06/2020;27;2872347;32402;1203;1093;28;;;1
Nordeste;BA;Salvador;29;292740;29020;SALVADOR;29/06/2020;27;2872347;32673;271;1129;36;;;1
Nordeste;BA;Salvador;29;292740;29020;SALVADOR;30/06/2020;27;2872347;33911;1238;1163;34;;;1
Nordeste;BA;Salvador;29;292740;29020;SALVADOR;01/07/2020;27;2872347;35026;1115;1189;26;;;1
Nordeste;BA;Salvador;29;292740;29020;SALVADOR;02/07/2020;27;2872347;35881;855;1209;20;;;1
Nordeste;BA;Salvador;29;292740;29020;SALVADOR;03/07/2020;27;2872347;36856;975;1234;25;;;1
Nordeste;BA;Salvador;29;292740;29020;SALVADOR;04/07/2020;27;2872347;38052;1196;1256;22;;;1
Nordeste;BA;Salvador;29;292740;29020;SALVADOR;05/07/2020;28;2872347;38511;459;1277;21;;;1
Nordeste;BA;Salvador;29;292740;29020;SALVADOR;06/07/2020;28;2872347;38732;221;1311;34;;;1
Nordeste;BA;Salvador;29;292740;29020;SALVADOR;07/07/2020;28;2872347;39920;1188;1339;28;;;1
Nordeste;BA;Salvador;29;292740;29020;SALVADOR;08/07/2020;28;2872347;40919;999;1366;27;;;1
Nordeste;BA;Salvador;29;292740;29020;SALVADOR;09/07/2020;28;2872347;41522;603;1378;12;;;1
Nordeste;BA;Salvador;29;292740;29020;SALVADOR;10/07/2020;28;2872347;42113;591;1392;14;;;1
Nordeste;BA;Salvador;29;292740;29020;SALVADOR;11/07/2020;28;2872347;42734;621;1415;23;;;1
Nordeste;BA;Salvador;29;292740;29020;SALVADOR;12/07/2020;29;2872347;43068;334;1424;9;;;1
Nordeste;BA;Salvador;29;292740;29020;SALVADOR;13/07/2020;29;2872347;43239;171;1441;17;;;1
Nordeste;BA;Salvador;29;292740;29020;SALVADOR;14/07/2020;29;2872347;43986;747;1459;18;;;1
Nordeste;BA;Salvador;29;292740;29020;SALVADOR;15/07/2020;29;2872347;44586;600;1483;24;;;1
Nordeste;BA;Salvador;29;292740;29020;SALVADOR;16/07/2020;29;2872347;45484;898;1514;31;;;1
Nordeste;BA;Salvador;29;292740;29020;SALVADOR;17/07/2020;29;2872347;45961;477;1521;7;;;1
Nordeste;BA;Salvador;29;292740;29020;SALVADOR;18/07/2020;29;2872347;46397;436;1528;7;;;1
Nordeste;BA;Salvador;29;292740;29020;SALVADOR;19/07/2020;30;2872347;46587;190;1539;11;;;1
Nordeste;BA;Salvador;29;292740;29020;SALVADOR;20/07/2020;30;2872347;46729;142;1545;6;;;1
Nordeste;BA;Salvador;29;292740;29020;SALVADOR;21/07/2020;30;2872347;47461;732;1559;14;;;1
Nordeste;BA;Salvador;29;292740;29020;SALVADOR;22/07/2020;30;2872347;48849;1388;1582;23;;;1
Nordeste;BA;Salvador;29;292740;29020;SALVADOR;23/07/2020;30;2872347;50219;1370;1605;23;;;1
Nordeste;BA;Salvador;29;292740;29020;SALVADOR;24/07/2020;30;2872347;51177;958;1630;25;;;1
Nordeste;BA;Salvador;29;292740;29020;SALVADOR;25/07/2020;30;2872347;52020;843;1636;6;;;1
Nordeste;BA;Salvador;29;292740;29020;SALVADOR;26/07/2020;31;2872347;52263;243;1641;5;;;1
Nordeste;BA;Salvador;29;292740;29020;SALVADOR;27/07/2020;31;2872347;52417;154;1649;8;;;1
Nordeste;BA;Salvador;29;292740;29020;SALVADOR;28/07/2020;31;2872347;53520;1103;1655;6;;;1
Nordeste;BA;Salvador;29;292740;29020;SALVADOR;29/07/2020;31;2872347;54488;968;1669;14;;;1
Nordeste;BA;Salvador;29;292740;29020;SALVADOR;30/07/2020;31;2872347;55502;1014;1714;45;;;1
Nordeste;BA;Salvador;29;292740;29020;SALVADOR;31/07/2020;31;2872347;56740;1238;1755;41;;;1
